0000010000010000
0000010000000000
0000001000000000
0000000101010101
0000000100000000
0000000011001100
0000000010101010
0000000010010010
0000000010000000
0000000001110001
0000000001100110
0000000001011101
0000000001010101
0000000001001110
0000000001001001
0000000001000100
0000000001000000
0000000000111100
0000000000111000
0000000000110101
0000000000110011
0000000000110000
0000000000101110
0000000000101100
0000000000101010
0000000000101000
0000000000100111
0000000000100101
0000000000100100
0000000000100011
0000000000100010
0000000000100001
0000000000100000
0000000000011111
0000000000011110
0000000000011101
0000000000011100
0000000000011011
0000000000011010
0000000000011010
0000000000011001
0000000000011000
0000000000011000
0000000000010111
0000000000010111
0000000000010110
0000000000010110
0000000000010101
0000000000010101
0000000000010100
0000000000010100
0000000000010100
0000000000010011
0000000000010011
0000000000010010
0000000000010010
0000000000010010
0000000000010001
0000000000010001
0000000000010001
0000000000010001
0000000000010000
0000000000010000
0000000000010000
0000000000010000
0000000000001111
0000000000001111
0000000000001111
0000000000001111
0000000000001110
0000000000001110
0000000000001110
0000000000001110
0000000000001110
0000000000001101
0000000000001101
0000000000001101
0000000000001101
0000000000001101
0000000000001100
0000000000001100
0000000000001100
0000000000001100
0000000000001100
0000000000001100
0000000000001100
0000000000001011
0000000000001011
0000000000001011
0000000000001011
0000000000001011
0000000000001011
0000000000001011
0000000000001011
0000000000001010
0000000000001010
0000000000001010
0000000000001010
0000000000001010
0000000000001010
0000000000001010
0000000000001010
0000000000001010
0000000000001001
0000000000001001
0000000000001001
0000000000001001
0000000000001001
0000000000001001
0000000000001001
0000000000001001
0000000000001001
0000000000001001
0000000000001001
0000000000001000
0000000000001000
0000000000001000
0000000000001000
0000000000001000
0000000000001000
0000000000001000
0000000000001000
0000000000001000
0000000000001000
0000000000001000
0000000000001000
0000000000001000
0000000000001000
0000000000001000
0000000000000111
0000000000000111
0000000000000111
0000000000000111
0000000000000111
0000000000000111
0000000000000111
0000000000000111
0000000000000111
0000000000000111
0000000000000111
0000000000000111
0000000000000111
0000000000000111
0000000000000111
0000000000000111
0000000000000111
0000000000000111
0000000000000110
0000000000000110
0000000000000110
0000000000000110
0000000000000110
0000000000000110
0000000000000110
0000000000000110
0000000000000110
0000000000000110
0000000000000110
0000000000000110
0000000000000110
0000000000000110
0000000000000110
0000000000000110
0000000000000110
0000000000000110
0000000000000110
0000000000000110
0000000000000110
0000000000000110
0000000000000110
0000000000000110
0000000000000101
0000000000000101
0000000000000101
0000000000000101
0000000000000101
0000000000000101
0000000000000101
0000000000000101
0000000000000101
0000000000000101
0000000000000101
0000000000000101
0000000000000101
0000000000000101
0000000000000101
0000000000000101
0000000000000101
0000000000000101
0000000000000101
0000000000000101
0000000000000101
0000000000000101
0000000000000101
0000000000000101
0000000000000101
0000000000000101
0000000000000101
0000000000000101
0000000000000101
0000000000000101
0000000000000101
0000000000000101
0000000000000101
0000000000000101
0000000000000100
0000000000000100
0000000000000100
0000000000000100
0000000000000100
0000000000000100
0000000000000100
0000000000000100
0000000000000100
0000000000000100
0000000000000100
0000000000000100
0000000000000100
0000000000000100
0000000000000100
0000000000000100
0000000000000100
0000000000000100
0000000000000100
0000000000000100
0000000000000100
0000000000000100
0000000000000100
0000000000000100
0000000000000100
0000000000000100
0000000000000100
0000000000000100
0000000000000100
0000000000000100
0000000000000100
0000000000000100
0000000000000100
0000000000000100
0000000000000100
0000000000000100
0000000000000100
0000000000000100
0000000000000100
0000000000000100
0000000000000100
0000000000000100
0000000000000100
0000000000000100
0000000000000100
0000000000000100
0000000000000100
0000000000000100
0000000000000100
0000000000000100
0000000000000100
0000000000000100
0000000000000011
0000000000000011
0000000000000011
0000000000000011
0000000000000011
0000000000000011
0000000000000011
0000000000000011
0000000000000011
0000000000000011
0000000000000011
0000000000000011
0000000000000011
0000000000000011
0000000000000011
0000000000000011
0000000000000011
0000000000000011
0000000000000011
0000000000000011
0000000000000011
0000000000000011
0000000000000011
0000000000000011
0000000000000011
0000000000000011
0000000000000011
0000000000000011
0000000000000011
0000000000000011
0000000000000011
0000000000000011
0000000000000011
0000000000000011
0000000000000011
0000000000000011
0000000000000011
0000000000000011
0000000000000011
0000000000000011
0000000000000011
0000000000000011
0000000000000011
0000000000000011
0000000000000011
0000000000000011
0000000000000011
0000000000000011
0000000000000011
0000000000000011
0000000000000011
0000000000000011
0000000000000011
0000000000000011
0000000000000011
0000000000000011
0000000000000011
0000000000000011
0000000000000011
0000000000000011
0000000000000011
0000000000000011
0000000000000011
0000000000000011
0000000000000011
0000000000000011
0000000000000011
0000000000000011
0000000000000011
0000000000000011
0000000000000011
0000000000000011
0000000000000011
0000000000000011
0000000000000011
0000000000000011
0000000000000011
0000000000000011
0000000000000011
0000000000000011
0000000000000011
0000000000000011
0000000000000011
0000000000000011
0000000000000011
0000000000000010
0000000000000010
0000000000000010
0000000000000010
0000000000000010
0000000000000010
0000000000000010
0000000000000010
0000000000000010
0000000000000010
0000000000000010
0000000000000010
0000000000000010
0000000000000010
0000000000000010
0000000000000010
0000000000000010
0000000000000010
0000000000000010
0000000000000010
0000000000000010
0000000000000010
0000000000000010
0000000000000010
0000000000000010
0000000000000010
0000000000000010
0000000000000010
0000000000000010
0000000000000010
0000000000000010
0000000000000010
0000000000000010
0000000000000010
0000000000000010
0000000000000010
0000000000000010
0000000000000010
0000000000000010
0000000000000010
0000000000000010
0000000000000010
0000000000000010
0000000000000010
0000000000000010
0000000000000010
0000000000000010
0000000000000010
0000000000000010
0000000000000010
0000000000000010
0000000000000010
0000000000000010
0000000000000010
0000000000000010
0000000000000010
0000000000000010
0000000000000010
0000000000000010
0000000000000010
0000000000000010
0000000000000010
0000000000000010
0000000000000010
0000000000000010
0000000000000010
0000000000000010
0000000000000010
0000000000000010
0000000000000010
0000000000000010
0000000000000010
0000000000000010
0000000000000010
0000000000000010
0000000000000010
0000000000000010
0000000000000010
0000000000000010
0000000000000010
0000000000000010
0000000000000010
0000000000000010
0000000000000010
0000000000000010
0000000000000010
0000000000000010
0000000000000010
0000000000000010
0000000000000010
0000000000000010
0000000000000010
0000000000000010
0000000000000010
0000000000000010
0000000000000010
0000000000000010
0000000000000010
0000000000000010
0000000000000010
0000000000000010
0000000000000010
0000000000000010
0000000000000010
0000000000000010
0000000000000010
0000000000000010
0000000000000010
0000000000000010
0000000000000010
0000000000000010
0000000000000010
0000000000000010
0000000000000010
0000000000000010
0000000000000010
0000000000000010
0000000000000010
0000000000000010
0000000000000010
0000000000000010
0000000000000010
0000000000000010
0000000000000010
0000000000000010
0000000000000010
0000000000000010
0000000000000010
0000000000000010
0000000000000010
0000000000000010
0000000000000010
0000000000000010
0000000000000010
0000000000000010
0000000000000010
0000000000000010
0000000000000010
0000000000000010
0000000000000010
0000000000000010
0000000000000010
0000000000000010
0000000000000010
0000000000000010
0000000000000010
0000000000000010
0000000000000010
0000000000000010
0000000000000010
0000000000000010
0000000000000010
0000000000000010
0000000000000010
0000000000000010
0000000000000010
0000000000000010
0000000000000010
0000000000000010
0000000000000010
0000000000000010
0000000000000010
0000000000000010
0000000000000010
0000000000000010
0000000000000010
0000000000000010
0000000000000010
0000000000000010
0000000000000010
0000000000000010
0000000000000001
0000000000000001
0000000000000001
0000000000000001
0000000000000001
0000000000000001
0000000000000001
0000000000000001
0000000000000001
0000000000000001
0000000000000001
0000000000000001
0000000000000001
0000000000000001
0000000000000001
0000000000000001
0000000000000001
0000000000000001
0000000000000001
0000000000000001
0000000000000001
0000000000000001
0000000000000001
0000000000000001
0000000000000001
0000000000000001
0000000000000001
0000000000000001
0000000000000001
0000000000000001
0000000000000001
0000000000000001
0000000000000001
0000000000000001
0000000000000001
0000000000000001
0000000000000001
0000000000000001
0000000000000001
0000000000000001
0000000000000001
0000000000000001
0000000000000001
0000000000000001
0000000000000001
0000000000000001
0000000000000001
0000000000000001
0000000000000001
0000000000000001
0000000000000001
0000000000000001
0000000000000001
0000000000000001
0000000000000001
0000000000000001
0000000000000001
0000000000000001
0000000000000001
0000000000000001
0000000000000001
0000000000000001
0000000000000001
0000000000000001
0000000000000001
0000000000000001
0000000000000001
0000000000000001
0000000000000001
0000000000000001
0000000000000001
0000000000000001
0000000000000001
0000000000000001
0000000000000001
0000000000000001
0000000000000001
0000000000000001
0000000000000001
0000000000000001
0000000000000001
0000000000000001
0000000000000001
0000000000000001
0000000000000001
0000000000000001
0000000000000001
0000000000000001
0000000000000001
0000000000000001
0000000000000001
0000000000000001
0000000000000001
0000000000000001
0000000000000001
0000000000000001
0000000000000001
0000000000000001
0000000000000001
0000000000000001
0000000000000001
0000000000000001
0000000000000001
0000000000000001
0000000000000001
0000000000000001
0000000000000001
0000000000000001
0000000000000001
0000000000000001
0000000000000001
0000000000000001
0000000000000001
0000000000000001
0000000000000001
0000000000000001
0000000000000001
0000000000000001
0000000000000001
0000000000000001
0000000000000001
0000000000000001
0000000000000001
0000000000000001
0000000000000001
0000000000000001
0000000000000001
0000000000000001
0000000000000001
0000000000000001
0000000000000001
0000000000000001
0000000000000001
0000000000000001
0000000000000001
0000000000000001
0000000000000001
0000000000000001
0000000000000001
0000000000000001
0000000000000001
0000000000000001
0000000000000001
0000000000000001
0000000000000001
0000000000000001
0000000000000001
0000000000000001
0000000000000001
0000000000000001
0000000000000001
0000000000000001
0000000000000001
0000000000000001
0000000000000001
0000000000000001
0000000000000001
0000000000000001
0000000000000001
0000000000000001
0000000000000001
0000000000000001
0000000000000001
0000000000000001
0000000000000001
0000000000000001
0000000000000001
0000000000000001
0000000000000001
0000000000000001
0000000000000001
0000000000000001
0000000000000001
0000000000000001
0000000000000001
0000000000000001
0000000000000001
0000000000000001
0000000000000001
0000000000000001
0000000000000001
0000000000000001
0000000000000001
0000000000000001
0000000000000001
0000000000000001
0000000000000001
0000000000000001
0000000000000001
0000000000000001
0000000000000001
0000000000000001
0000000000000001
0000000000000001
0000000000000001
0000000000000001
0000000000000001
0000000000000001
0000000000000001
0000000000000001
0000000000000001
0000000000000001
0000000000000001
0000000000000001
0000000000000001
0000000000000001
0000000000000001
0000000000000001
0000000000000001
0000000000000001
0000000000000001
0000000000000001
0000000000000001
0000000000000001
0000000000000001
0000000000000001
0000000000000001
0000000000000001
0000000000000001
0000000000000001
0000000000000001
0000000000000001
0000000000000001
0000000000000001
0000000000000001
0000000000000001
0000000000000001
0000000000000001
0000000000000001
0000000000000001
0000000000000001
0000000000000001
0000000000000001
0000000000000001
0000000000000001
0000000000000001
0000000000000001
0000000000000001
0000000000000001
0000000000000001
0000000000000001
0000000000000001
0000000000000001
0000000000000001
0000000000000001
0000000000000001
0000000000000001
0000000000000001
0000000000000001
0000000000000001
0000000000000001
0000000000000001
0000000000000001
0000000000000001
0000000000000001
0000000000000001
0000000000000001
0000000000000001
0000000000000001
0000000000000001
0000000000000001
0000000000000001
0000000000000001
0000000000000001
0000000000000001
0000000000000001
0000000000000001
0000000000000001
0000000000000001
0000000000000001
0000000000000001
0000000000000001
0000000000000001
0000000000000001
0000000000000001
0000000000000001
0000000000000001
0000000000000001
0000000000000001
0000000000000001
0000000000000001
0000000000000001
0000000000000001
0000000000000001
0000000000000001
0000000000000001
0000000000000001
0000000000000001
0000000000000001
0000000000000001
0000000000000001
0000000000000001
0000000000000001
0000000000000001
0000000000000001
0000000000000001
0000000000000001
0000000000000001
0000000000000001
0000000000000001
0000000000000001
0000000000000001
0000000000000001
0000000000000001
0000000000000001
0000000000000001
0000000000000001
0000000000000001
0000000000000001
0000000000000001
0000000000000001
0000000000000001
0000000000000001
0000000000000001
0000000000000001
0000000000000001
0000000000000001
0000000000000001
0000000000000001
0000000000000001
0000000000000001
0000000000000001
0000000000000001
0000000000000001
0000000000000001
0000000000000001
0000000000000001
0000000000000001
0000000000000001
0000000000000001
0000000000000001
0000000000000001
0000000000000001
0000000000000001
0000000000000001
0000000000000001
0000000000000001
0000000000000001
0000000000000001
0000000000000001
0000000000000001
0000000000000001
0000000000000001
0000000000000001
0000000000000001
0000000000000001
0000000000000001
0000000000000001
0000000000000001
0000000000000001
0000000000000001
0000000000000001
0000000000000001
0000000000000001
0000000000000001
0000000000000001
0000000000000001
0000000000000001
0000000000000001
0000000000000001
0000000000000001
0000000000000001
0000000000000001
0000000000000001
0000000000000001
0000000000000001
0000000000000001
0000000000000001
0000000000000001
0000000000000001
0000000000000001
0000000000000001
0000000000000001
0000000000000001
0000000000000001
0000000000000001
0000000000000001
0000000000000001
0000000000000001
0000000000000001
0000000000000001
0000000000000001
0000000000000001
0000000000000001
0000000000000001
0000000000000001
0000000000000001
0000000000000001
0000000000000001
0000000000000001
0000000000000001
0000000000000001
0000000000000001
0000000000000001
0000000000000001
0000000000000001
0000000000000001
0000000000000001
0000000000000001
0000000000000001
0000000000000001
0000000000000001
0000000000000001
0000000000000001
0000000000000001
0000000000000001
0000000000000001
0000000000000001
0000000000000001
0000000000000001
0000000000000001
0000000000000001
0000000000000001
0000000000000001
0000000000000001
0000000000000001
0000000000000001
0000000000000001
0000000000000001
0000000000000001
0000000000000001
0000000000000001
0000000000000001
0000000000000001
0000000000000001
0000000000000001
0000000000000001
0000000000000001
0000000000000001
0000000000000001
0000000000000001
0000000000000001
0000000000000001
0000000000000001
0000000000000001
0000000000000001
0000000000000001
0000000000000001
0000000000000001
0000000000000001
0000000000000001
0000000000000001
0000000000000001
0000000000000001
0000000000000001
0000000000000001
0000000000000001
0000000000000001
0000000000000001
0000000000000001
0000000000000001
0000000000000001
0000000000000001
0000000000000001
0000000000000001
0000000000000001
0000000000000001
0000000000000001
0000000000000001
0000000000000001
0000000000000001
0000000000000001
0000000000000001
0000000000000001
0000000000000001
0000000000000001
0000000000000001
0000000000000001
0000000000000001
0000000000000001
0000000000000001
0000000000000001
0000000000000001
0000000000000001
0000000000000001
0000000000000001
0000000000000001
0000000000000001
0000000000000001
0000000000000001
0000000000000001
0000000000000001
0000000000000001
0000000000000001
0000000000000001
0000000000000001
0000000000000001
0000000000000001
0000000000000001
0000000000000001
0000000000000001
0000000000000001
0000000000000001
0000000000000001
0000000000000001
0000000000000001
0000000000000001
0000000000000001
0000000000000001
0000000000000001
0000000000000001
0000000000000001
0000000000000001
0000000000000001
0000000000000001
0000000000000001
0000000000000001
0000000000000001
0000000000000001
0000000000000001
0000000000000001
